
  0.401480, -2.379132, -1.029543, -5.385202 , -0.840171 , -0.229015
  0.414570, -2.377057, -1.028973, -5.381128 , -0.863953 , -0.239308
  0.427649, -2.374924, -1.028377, -5.376924 , -0.887714 , -0.249595
  0.440717, -2.372734, -1.027756, -5.372588 , -0.911453 , -0.259876
  0.453773, -2.370486, -1.027111, -5.368122 , -0.935171 , -0.270151
  0.466817, -2.368181, -1.026440, -5.363526 , -0.958865 , -0.280419
  0.479849, -2.365819, -1.025745, -5.358799 , -0.982537 , -0.290680
  0.492869, -2.363399, -1.025025, -5.353942 , -1.006184 , -0.300934
  0.505877, -2.360921, -1.024280, -5.348955 , -1.029807 , -0.311181
  0.518871, -2.358387, -1.023509, -5.343838 , -1.053405 , -0.321421
  0.531852, -2.355795, -1.022715, -5.338591 , -1.076977 , -0.331652
  0.544820, -2.353146, -1.021895, -5.333214 , -1.100523 , -0.341876
  0.557774, -2.350440, -1.021050, -5.327707 , -1.124042 , -0.352091
  0.570713, -2.347677, -1.020181, -5.322071 , -1.147534 , -0.362297
  0.583639, -2.344857, -1.019287, -5.316306 , -1.170998 , -0.372495
  0.596550, -2.341980, -1.018368, -5.310411 , -1.194434 , -0.382684
  0.609447, -2.339046, -1.017425, -5.304388 , -1.217841 , -0.392863
  0.622328, -2.336055, -1.016456, -5.298235 , -1.241218 , -0.403033
  0.635194, -2.333008, -1.015464, -5.291954 , -1.264565 , -0.413193
  0.648044, -2.329904, -1.014446, -5.285544 , -1.287881 , -0.423343
  0.660879, -2.326744, -1.013404, -5.279006 , -1.311166 , -0.433483
  0.673697, -2.323527, -1.012337, -5.272340 , -1.334419 , -0.443613
  0.686500, -2.320253, -1.011245, -5.265545 , -1.357639 , -0.453731
  0.699285, -2.316923, -1.010129, -5.258623 , -1.380827 , -0.463838
  0.712053, -2.313537, -1.008989, -5.251572 , -1.403981 , -0.473935
  0.724805, -2.310095, -1.007824, -5.244394 , -1.427101 , -0.484019
  0.737539, -2.306596, -1.006634, -5.237089 , -1.450186 , -0.494092
  0.750255, -2.303041, -1.005420, -5.229656 , -1.473236 , -0.504153
  0.762953, -2.299430, -1.004181, -5.222097 , -1.496250 , -0.514202
  0.775633, -2.295764, -1.002918, -5.214410 , -1.519228 , -0.524238
  0.788294, -2.292041, -1.001631, -5.206597 , -1.542169 , -0.534261
  0.800937, -2.288263, -1.000319, -5.198657 , -1.565073 , -0.544272
  0.813561, -2.284428, -0.998983, -5.190591 , -1.587938 , -0.554269
  0.826165, -2.280538, -0.997623, -5.182398 , -1.610765 , -0.564253
  0.838750, -2.276593, -0.996238, -5.174080 , -1.633552 , -0.574223
  0.851315, -2.272592, -0.994829, -5.165636 , -1.656300 , -0.584179
  0.863860, -2.268536, -0.993396, -5.157066 , -1.679008 , -0.594121
  0.876385, -2.264424, -0.991938, -5.148371 , -1.701675 , -0.604048
  0.888889, -2.260257, -0.990456, -5.139551 , -1.724301 , -0.613961
  0.901372, -2.256034, -0.988951, -5.130606 , -1.746884 , -0.623859
  0.913834, -2.251757, -0.987421, -5.121536 , -1.769425 , -0.633741
  0.926274, -2.247425, -0.985866, -5.112342 , -1.791923 , -0.643608
  0.938693, -2.243037, -0.984288, -5.103023 , -1.814378 , -0.653460
  0.951091, -2.238595, -0.982686, -5.093581 , -1.836788 , -0.663296
  0.963466, -2.234098, -0.981060, -5.084014 , -1.859154 , -0.673115
  0.975818, -2.229546, -0.979409, -5.074324 , -1.881475 , -0.682918
  0.988148, -2.224940, -0.977735, -5.064510 , -1.903749 , -0.692705
  1.000455, -2.220279, -0.976037, -5.054573 , -1.925978 , -0.702475
  1.012738, -2.215564, -0.974315, -5.044513 , -1.948160 , -0.712227
  1.024999, -2.210794, -0.972569, -5.034331 , -1.970294 , -0.721963
  1.037235, -2.205970, -0.970799, -5.024026 , -1.992380 , -0.731680
  1.049448, -2.201092, -0.969006, -5.013598 , -2.014418 , -0.741380
  1.061636, -2.196160, -0.967188, -5.003049 , -2.036407 , -0.751062
  1.073800, -2.191173, -0.965347, -4.992378 , -2.058346 , -0.760726
  1.085939, -2.186133, -0.963482, -4.981585 , -2.080235 , -0.770371
  1.098053, -2.181039, -0.961594, -4.970671 , -2.102073 , -0.779997
  1.110142, -2.175891, -0.959682, -4.959636 , -2.123861 , -0.789605
  1.122205, -2.170690, -0.957746, -4.948481 , -2.145596 , -0.799193
  1.134242, -2.165435, -0.955786, -4.937204 , -2.167279 , -0.808761
  1.146254, -2.160127, -0.953804, -4.925808 , -2.188910 , -0.818310
  1.158239, -2.154765, -0.951797, -4.914291 , -2.210487 , -0.827839
  1.170197, -2.149350, -0.949767, -4.902655 , -2.232011 , -0.837348
  1.182129, -2.143882, -0.947714, -4.890899 , -2.253479 , -0.846837
  1.194034, -2.138361, -0.945637, -4.879025 , -2.274893 , -0.856305
  1.205911, -2.132787, -0.943537, -4.867031 , -2.296252 , -0.865752
  1.217761, -2.127160, -0.941414, -4.854918 , -2.317555 , -0.875177
  1.229583, -2.121481, -0.939267, -4.842688 , -2.338801 , -0.884582
  1.241376, -2.115748, -0.937097, -4.830339 , -2.359990 , -0.893965
  1.253142, -2.109963, -0.934904, -4.817872 , -2.381121 , -0.903326
  1.264879, -2.104126, -0.932688, -4.805288 , -2.402195 , -0.912665
  1.276587, -2.098237, -0.930449, -4.792586 , -2.423209 , -0.921982
  1.288265, -2.092295, -0.928186, -4.779768 , -2.444165 , -0.931276
  1.299915, -2.086301, -0.925900, -4.766833 , -2.465061 , -0.940548
  1.311535, -2.080255, -0.923592, -4.753781 , -2.485897 , -0.949796
  1.323125, -2.074157, -0.921260, -4.740614 , -2.506672 , -0.959022
  1.334685, -2.068007, -0.918906, -4.727330 , -2.527386 , -0.968224
  1.346214, -2.061806, -0.916528, -4.713932 , -2.548038 , -0.977402
  1.357713, -2.055553, -0.914128, -4.700418 , -2.568628 , -0.986557
  1.369181, -2.049248, -0.911705, -4.686789 , -2.589155 , -0.995687
  1.380618, -2.042892, -0.909259, -4.673046 , -2.609619 , -1.004793
  1.392023, -2.036485, -0.906790, -4.659188 , -2.630020 , -1.013875
  1.403397, -2.030027, -0.904299, -4.645217 , -2.650355 , -1.022931
  1.414739, -2.023518, -0.901785, -4.631132 , -2.670626 , -1.031963
  1.426048, -2.016958, -0.899249, -4.616933 , -2.690832 , -1.040970
  1.437326, -2.010347, -0.896690, -4.602622 , -2.710972 , -1.049951
  1.448570, -2.003685, -0.894108, -4.588198 , -2.731045 , -1.058906
  1.459782, -1.996973, -0.891504, -4.573662 , -2.751052 , -1.067835
  1.470961, -1.990210, -0.888877, -4.559014 , -2.770992 , -1.076738
  1.482106, -1.983398, -0.886229, -4.544254 , -2.790863 , -1.085615
  1.493217, -1.976534, -0.883557, -4.529383 , -2.810666 , -1.094466
  1.504295, -1.969621, -0.880864, -4.514401 , -2.830400 , -1.103289
  1.515338, -1.962658, -0.878148, -4.499308 , -2.850065 , -1.112086
  1.526347, -1.955645, -0.875410, -4.484105 , -2.869660 , -1.120855
  1.537322, -1.948582, -0.872650, -4.468792 , -2.889185 , -1.129596
  1.548261, -1.941470, -0.869868, -4.453370 , -2.908639 , -1.138310
  1.559165, -1.934308, -0.867063, -4.437838 , -2.928021 , -1.146996
  1.570034, -1.927097, -0.864237, -4.422198 , -2.947332 , -1.155654
  1.580867, -1.919837, -0.861389, -4.406448 , -2.966570 , -1.164284
  1.591665, -1.912527, -0.858519, -4.390591 , -2.985736 , -1.172885
  1.602426, -1.905169, -0.855627, -4.374626 , -3.004828 , -1.181457