
  8.146344, 1.772268, 0.101923, 0.050801 , -0.401164 , -0.219558
  7.749235, 3.389232, 1.006835, 0.130769 , -0.376147 , -0.214487
  6.982191, 4.963746, 1.927433, 0.205130 , -0.335116 , -0.200280
  5.805358, 6.444275, 2.840323, 0.270013 , -0.278711 , -0.176879
  4.172106, 7.752522, 3.708515, 0.321113 , -0.208197 , -0.144512
  2.040454, 8.769266, 4.472679, 0.353665 , -0.125793 , -0.103870
  -0.599756, 9.319314, 5.040285, 0.362595 , -0.035152 , -0.056378
  -3.672450, 9.167204, 5.277668, 0.343058 , 0.058045 , -0.004569
  -6.930235, 8.053969, 5.020842, 0.291663 , 0.145596 , 0.047528
  -9.880656, 5.820059, 4.133512, 0.208564 , 0.217010 , 0.094292
  -11.851256, 2.607434, 2.621776, 0.099805 , 0.261392 , 0.129278
  -12.301370, -1.034091, 0.723262, -0.022098 , 0.271125 , 0.147118
  -11.179680, -4.361472, -1.170441, -0.141233 , 0.245273 , 0.145663
  -8.926217, -6.834626, -2.725206, -0.243572 , 0.189703 , 0.126592
  -6.138560, -8.294503, -3.794105, -0.320505 , 0.113972 , 0.094116
  -3.287150, -8.852980, -4.388115, -0.368972 , 0.027851 , 0.053139
  -0.643804, -8.716849, -4.589511, -0.389709 , -0.060552 , 0.008068
  1.669896, -8.083152, -4.490938, -0.385440 , -0.145209 , -0.037596
  3.617362, -7.104964, -4.170370, -0.359673 , -0.221872 , -0.081219
  5.201232, -5.891213, -3.686268, -0.316078 , -0.287619 , -0.120860
  6.437719, -4.516675, -3.080255, -0.258222 , -0.340454 , -0.155083
  7.343715, -3.032531, -2.381421, -0.189501 , -0.379016 , -0.182808
  7.930668, -1.474943, -1.610272, -0.113162 , -0.402381 , -0.203204
  8.201653, 0.128300, -0.781970, -0.032374 , -0.409943 , -0.215622
  8.149818, 1.752327, 0.090910, 0.049681 , -0.401358 , -0.219545
  7.757404, 3.369974, 0.995700, 0.129705 , -0.376538 , -0.214585
  6.995255, 4.945860, 1.916525, 0.204169 , -0.335694 , -0.200489
  5.823516, 6.428635, 2.830085, 0.269205 , -0.279459 , -0.177195
  4.195468, 7.740273, 3.699549, 0.320510 , -0.209087 , -0.144925
  2.068869, 8.761926, 4.465811, 0.353319 , -0.126785 , -0.104364
  -0.567048, 9.318826, 5.036633, 0.362554 , -0.036188 , -0.056927
  -3.637390, 9.175773, 5.278610, 0.343357 , 0.057043 , -0.005135
  -6.896631, 8.073378, 5.027725, 0.292309 , 0.144727 , 0.046997
  -9.854277, 5.850216, 4.146885, 0.209519 , 0.216385 , 0.093859
  -11.838158, 2.644825, 2.640391, 0.100969 , 0.261106 , 0.129004
  -12.304564, -0.996013, 0.743933, -0.020876 , 0.271221 , 0.147043
  -11.197245, -4.329210, -1.151386, -0.140111 , 0.245729 , 0.145790
  -8.953055, -6.811772, -2.710215, -0.242672 , 0.190441 , 0.126893
  -6.169438, -8.281538, -3.783978, -0.319896 , 0.114893 , 0.094545
  -3.318288, -8.848666, -4.382582, -0.368675 , 0.028862 , 0.053648
  -0.672952, -8.719466, -4.587886, -0.389716 , -0.059531 , 0.008614
  1.643932, -8.091097, -4.492490, -0.385725 , -0.144239 , -0.037049
  3.595162, -7.116929, -4.174460, -0.360201 , -0.221001 , -0.080699
  5.183063, -5.906170, -3.692373, -0.316809 , -0.286881 , -0.120390
  6.423703, -4.533812, -3.087955, -0.259117 , -0.339877 , -0.154682
  7.333924, -3.051188, -2.390372, -0.190517 , -0.378617 , -0.182489
  7.925172, -1.494555, -1.620179, -0.114257 , -0.402173 , -0.202980
  8.200547, 0.108257, -0.792562, -0.033504 , -0.409934 , -0.215500
  8.153233, 1.732378, 0.079900, 0.048560 , -0.401550 , -0.219531
  7.765512, 3.350699, 0.984563, 0.128639 , -0.376926 , -0.214682
  7.008259, 4.927947, 1.905607, 0.203206 , -0.336270 , -0.200697
  5.841614, 6.412954, 2.819832, 0.268396 , -0.280204 , -0.177509
  4.218776, 7.727969, 3.690560, 0.319905 , -0.209976 , -0.145336
  2.097240, 8.754515, 4.458911, 0.352970 , -0.127776 , -0.104857
  -0.534366, 9.318248, 5.032935, 0.362509 , -0.037224 , -0.057476
  -3.602326, 9.184235, 5.279494, 0.343652 , 0.056041 , -0.005701
  -6.862974, 8.092675, 5.034542, 0.292952 , 0.143857 , 0.046465
  -9.827787, 5.880281, 4.160198, 0.210472 , 0.215758 , 0.093425
  -11.824904, 2.682174, 2.658967, 0.102132 , 0.260816 , 0.128729
  -12.307595, -0.957911, 0.764600, -0.019654 , 0.271314 , 0.146966
  -11.214682, -4.296870, -1.132303, -0.138987 , 0.246181 , 0.145915
  -8.979815, -6.788818, -2.695179, -0.241769 , 0.191176 , 0.127192
  -6.200283, -8.268475, -3.773801, -0.319283 , 0.115812 , 0.094973
  -3.349427, -8.844265, -4.377001, -0.368374 , 0.029872 , 0.054157
  -0.702120, -8.722009, -4.586219, -0.389719 , -0.058510 , 0.009160
  1.617933, -8.098984, -4.494006, -0.386006 , -0.143269 , -0.036501
  3.572919, -7.128848, -4.178520, -0.360725 , -0.220128 , -0.080179
  5.164846, -5.921089, -3.698454, -0.317539 , -0.286142 , -0.119920
  6.409636, -4.550921, -3.095636, -0.260010 , -0.339297 , -0.154279
  7.324079, -3.069827, -2.399308, -0.191532 , -0.378216 , -0.182170
  7.919620, -1.514158, -1.630074, -0.115350 , -0.401963 , -0.202755
  8.199382, 0.088214, -0.803148, -0.034634 , -0.409922 , -0.215376
  8.156589, 1.712422, 0.068892, 0.047439 , -0.401739 , -0.219516
  7.773560, 3.331407, 0.973424, 0.127573 , -0.377312 , -0.214778
  7.021203, 4.910007, 1.894682, 0.202242 , -0.336843 , -0.200904
  5.859655, 6.397234, 2.809564, 0.267584 , -0.280948 , -0.177822
  4.242030, 7.715611, 3.681547, 0.319297 , -0.210862 , -0.145747
  2.125565, 8.747033, 4.451977, 0.352617 , -0.128766 , -0.105349
  -0.501712, 9.317580, 5.029192, 0.362460 , -0.038260 , -0.058024
  -3.567259, 9.192590, 5.280320, 0.343943 , 0.055037 , -0.006268
  -6.829265, 8.111859, 5.041294, 0.293592 , 0.142984 , 0.045933
  -9.801186, 5.910251, 4.173449, 0.211422 , 0.215127 , 0.092990
  -11.811491, 2.719481, 2.677504, 0.103293 , 0.260522 , 0.128451
  -12.310462, -0.919783, 0.785264, -0.018431 , 0.271403 , 0.146887
  -11.231989, -4.264454, -1.113193, -0.137862 , 0.246630 , 0.146038
  -9.006496, -6.765765, -2.680098, -0.240864 , 0.191909 , 0.127489
  -6.231095, -8.255312, -3.763575, -0.318667 , 0.116731 , 0.095399
  -3.380564, -8.839775, -4.371374, -0.368070 , 0.030881 , 0.054664
  -0.731308, -8.724478, -4.584512, -0.389719 , -0.057488 , 0.009705
  1.591901, -8.106810, -4.495487, -0.386284 , -0.142297 , -0.035953
  3.550634, -7.140718, -4.182550, -0.361247 , -0.219254 , -0.079658
  5.146581, -5.935972, -3.704510, -0.318265 , -0.285401 , -0.119449
  6.395516, -4.568004, -3.103297, -0.260901 , -0.338715 , -0.153876
  7.314180, -3.088449, -2.408228, -0.192545 , -0.377813 , -0.181849
  7.914011, -1.533751, -1.639959, -0.116443 , -0.401751 , -0.202528
  8.198159, 0.068173, -0.813726, -0.035763 , -0.409908 , -0.215252
  8.159885, 1.692458, 0.057886, 0.046318 , -0.401925 , -0.219499
  7.781548, 3.312098, 0.962281, 0.126505 , -0.377696 , -0.214872
  7.034088, 4.892039, 1.883748, 0.201277 , -0.337414 , -0.201109
  5.877637, 6.381475, 2.799282, 0.266770 , -0.281690 , -0.178134