
  0.802720, 0.760947, 0.291441, 21.253320 , -19.490230 , -8.506580
  0.802411, 0.761230, 0.291565, 21.261346 , -19.482619 , -8.503665
  0.802102, 0.761513, 0.291688, 21.269369 , -19.475006 , -8.500749
  0.801793, 0.761796, 0.291812, 21.277388 , -19.467389 , -8.497831
  0.801484, 0.762079, 0.291935, 21.285405 , -19.459770 , -8.494913
  0.801174, 0.762361, 0.292059, 21.293418 , -19.452148 , -8.491993
  0.800865, 0.762644, 0.292182, 21.301428 , -19.444523 , -8.489072
  0.800556, 0.762926, 0.292305, 21.309436 , -19.436895 , -8.486149
  0.800246, 0.763209, 0.292428, 21.317440 , -19.429265 , -8.483226
  0.799936, 0.763491, 0.292552, 21.325441 , -19.421631 , -8.480301
  0.799626, 0.763773, 0.292675, 21.333439 , -19.413995 , -8.477375
  0.799316, 0.764055, 0.292798, 21.341434 , -19.406356 , -8.474447
  0.799006, 0.764337, 0.292921, 21.349426 , -19.398714 , -8.471519
  0.798696, 0.764619, 0.293044, 21.357414 , -19.391070 , -8.468589
  0.798386, 0.764900, 0.293167, 21.365400 , -19.383422 , -8.465658
  0.798075, 0.765182, 0.293290, 21.373382 , -19.375772 , -8.462726
  0.797765, 0.765463, 0.293413, 21.381362 , -19.368119 , -8.459793
  0.797454, 0.765745, 0.293536, 21.389338 , -19.360463 , -8.456858
  0.797143, 0.766026, 0.293659, 21.397311 , -19.352804 , -8.453922
  0.796832, 0.766307, 0.293781, 21.405281 , -19.345143 , -8.450985
  0.796521, 0.766588, 0.293904, 21.413248 , -19.337479 , -8.448046
  0.796210, 0.766869, 0.294027, 21.421212 , -19.329811 , -8.445107
  0.795899, 0.767150, 0.294150, 21.429172 , -19.322141 , -8.442166
  0.795587, 0.767430, 0.294272, 21.437130 , -19.314469 , -8.439224
  0.795276, 0.767711, 0.294395, 21.445085 , -19.306793 , -8.436281
  0.794964, 0.767991, 0.294517, 21.453036 , -19.299115 , -8.433336
  0.794652, 0.768272, 0.294640, 21.460984 , -19.291434 , -8.430390
  0.794340, 0.768552, 0.294762, 21.468929 , -19.283750 , -8.427443
  0.794028, 0.768832, 0.294885, 21.476871 , -19.276063 , -8.424495
  0.793716, 0.769112, 0.295007, 21.484810 , -19.268373 , -8.421546
  0.793404, 0.769392, 0.295130, 21.492746 , -19.260681 , -8.418595
  0.793092, 0.769672, 0.295252, 21.500679 , -19.252986 , -8.415643
  0.792779, 0.769951, 0.295374, 21.508608 , -19.245288 , -8.412690
  0.792467, 0.770231, 0.295496, 21.516534 , -19.237587 , -8.409736
  0.792154, 0.770510, 0.295618, 21.524458 , -19.229883 , -8.406781
  0.791841, 0.770790, 0.295741, 21.532378 , -19.222177 , -8.403824
  0.791528, 0.771069, 0.295863, 21.540295 , -19.214468 , -8.400866
  0.791215, 0.771348, 0.295985, 21.548209 , -19.206756 , -8.397907
  0.790902, 0.771627, 0.296107, 21.556119 , -19.199041 , -8.394946
  0.790589, 0.771906, 0.296229, 21.564027 , -19.191324 , -8.391985
  0.790275, 0.772185, 0.296351, 21.571932 , -19.183603 , -8.389022
  0.789962, 0.772464, 0.296473, 21.579833 , -19.175880 , -8.386058
  0.789648, 0.772742, 0.296594, 21.587731 , -19.168154 , -8.383093
  0.789334, 0.773021, 0.296716, 21.595626 , -19.160426 , -8.380126
  0.789020, 0.773299, 0.296838, 21.603518 , -19.152694 , -8.377158
  0.788706, 0.773577, 0.296960, 21.611407 , -19.144960 , -8.374189
  0.788392, 0.773855, 0.297081, 21.619293 , -19.137223 , -8.371219
  0.788078, 0.774133, 0.297203, 21.627175 , -19.129483 , -8.368248
  0.787764, 0.774411, 0.297324, 21.635054 , -19.121741 , -8.365275
  0.787449, 0.774689, 0.297446, 21.642931 , -19.113995 , -8.362302
  0.787135, 0.774967, 0.297568, 21.650804 , -19.106247 , -8.359327
  0.786820, 0.775245, 0.297689, 21.658674 , -19.098496 , -8.356350
  0.786505, 0.775522, 0.297810, 21.666540 , -19.090742 , -8.353373
  0.786190, 0.775799, 0.297932, 21.674404 , -19.082986 , -8.350394
  0.785875, 0.776077, 0.298053, 21.682265 , -19.075227 , -8.347414
  0.785560, 0.776354, 0.298174, 21.690122 , -19.067465 , -8.344433
  0.785245, 0.776631, 0.298296, 21.697976 , -19.059700 , -8.341451
  0.784929, 0.776908, 0.298417, 21.705827 , -19.051932 , -8.338467
  0.784614, 0.777185, 0.298538, 21.713675 , -19.044162 , -8.335483
  0.784298, 0.777461, 0.298659, 21.721520 , -19.036389 , -8.332497
  0.783982, 0.777738, 0.298780, 21.729361 , -19.028613 , -8.329510
  0.783667, 0.778014, 0.298901, 21.737200 , -19.020835 , -8.326521
  0.783351, 0.778291, 0.299022, 21.745035 , -19.013053 , -8.323532
  0.783034, 0.778567, 0.299143, 21.752867 , -19.005269 , -8.320541
  0.782718, 0.778843, 0.299264, 21.760696 , -18.997482 , -8.317549
  0.782402, 0.779119, 0.299385, 21.768522 , -18.989692 , -8.314556
  0.782085, 0.779395, 0.299506, 21.776344 , -18.981900 , -8.311561
  0.781769, 0.779671, 0.299627, 21.784164 , -18.974105 , -8.308566
  0.781452, 0.779947, 0.299747, 21.791980 , -18.966307 , -8.305569
  0.781135, 0.780222, 0.299868, 21.799793 , -18.958506 , -8.302571
  0.780818, 0.780498, 0.299989, 21.807603 , -18.950703 , -8.299572
  0.780501, 0.780773, 0.300109, 21.815410 , -18.942896 , -8.296571
  0.780184, 0.781049, 0.300230, 21.823213 , -18.935087 , -8.293570
  0.779867, 0.781324, 0.300350, 21.831014 , -18.927276 , -8.290567
  0.779550, 0.781599, 0.300471, 21.838811 , -18.919461 , -8.287563
  0.779232, 0.781874, 0.300591, 21.846605 , -18.911644 , -8.284558
  0.778915, 0.782149, 0.300712, 21.854396 , -18.903824 , -8.281551
  0.778597, 0.782423, 0.300832, 21.862184 , -18.896001 , -8.278544
  0.778279, 0.782698, 0.300952, 21.869968 , -18.888176 , -8.275535
  0.777961, 0.782972, 0.301073, 21.877750 , -18.880348 , -8.272525
  0.777643, 0.783247, 0.301193, 21.885528 , -18.872517 , -8.269513
  0.777325, 0.783521, 0.301313, 21.893303 , -18.864683 , -8.266501
  0.777006, 0.783795, 0.301433, 21.901074 , -18.856847 , -8.263487
  0.776688, 0.784069, 0.301553, 21.908843 , -18.849007 , -8.260472
  0.776369, 0.784343, 0.301673, 21.916609 , -18.841165 , -8.257456
  0.776051, 0.784617, 0.301793, 21.924371 , -18.833321 , -8.254439
  0.775732, 0.784891, 0.301913, 21.932130 , -18.825473 , -8.251421
  0.775413, 0.785164, 0.302033, 21.939886 , -18.817623 , -8.248401
  0.775094, 0.785438, 0.302153, 21.947638 , -18.809770 , -8.245380
  0.774775, 0.785711, 0.302273, 21.955388 , -18.801915 , -8.242358
  0.774456, 0.785984, 0.302393, 21.963134 , -18.794056 , -8.239335
  0.774136, 0.786258, 0.302512, 21.970877 , -18.786195 , -8.236310
  0.773817, 0.786531, 0.302632, 21.978617 , -18.778332 , -8.233284
  0.773497, 0.786804, 0.302752, 21.986354 , -18.770465 , -8.230258
  0.773178, 0.787076, 0.302871, 21.994088 , -18.762596 , -8.227230
  0.772858, 0.787349, 0.302991, 22.001818 , -18.754724 , -8.224200
  0.772538, 0.787622, 0.303111, 22.009545 , -18.746849 , -8.221170
  0.772218, 0.787894, 0.303230, 22.017269 , -18.738972 , -8.218138
  0.771898, 0.788166, 0.303350, 22.024990 , -18.731091 , -8.215105
  0.771578, 0.788439, 0.303469, 22.032707 , -18.723209 , -8.212071