
  1.156992, -0.213275, -0.415452, -4.112180 , -29.568800 , -7.989700
  1.157047, -0.212879, -0.415345, -4.100610 , -29.570931 , -7.993854
  1.157101, -0.212484, -0.415238, -4.089039 , -29.573058 , -7.998007
  1.157156, -0.212088, -0.415131, -4.077468 , -29.575181 , -8.002159
  1.157210, -0.211693, -0.415024, -4.065896 , -29.577300 , -8.006310
  1.157265, -0.211298, -0.414917, -4.054324 , -29.579415 , -8.010460
  1.157319, -0.210902, -0.414810, -4.042751 , -29.581526 , -8.014608
  1.157373, -0.210507, -0.414703, -4.031177 , -29.583634 , -8.018756
  1.157426, -0.210112, -0.414596, -4.019603 , -29.585737 , -8.022902
  1.157480, -0.209716, -0.414489, -4.008029 , -29.587836 , -8.027048
  1.157533, -0.209321, -0.414381, -3.996454 , -29.589932 , -8.031192
  1.157587, -0.208926, -0.414274, -3.984878 , -29.592023 , -8.035336
  1.157640, -0.208531, -0.414167, -3.973302 , -29.594111 , -8.039478
  1.157693, -0.208136, -0.414060, -3.961726 , -29.596194 , -8.043619
  1.157746, -0.207741, -0.413952, -3.950148 , -29.598274 , -8.047759
  1.157798, -0.207346, -0.413845, -3.938571 , -29.600349 , -8.051898
  1.157851, -0.206951, -0.413737, -3.926992 , -29.602421 , -8.056036
  1.157903, -0.206556, -0.413630, -3.915414 , -29.604489 , -8.060173
  1.157955, -0.206161, -0.413522, -3.903834 , -29.606553 , -8.064309
  1.158007, -0.205766, -0.413415, -3.892255 , -29.608612 , -8.068444
  1.158059, -0.205371, -0.413307, -3.880674 , -29.610668 , -8.072577
  1.158111, -0.204976, -0.413199, -3.869094 , -29.612720 , -8.076710
  1.158162, -0.204581, -0.413092, -3.857512 , -29.614768 , -8.080841
  1.158213, -0.204187, -0.412984, -3.845930 , -29.616812 , -8.084972
  1.158265, -0.203792, -0.412876, -3.834348 , -29.618852 , -8.089101
  1.158316, -0.203397, -0.412768, -3.822765 , -29.620888 , -8.093229
  1.158366, -0.203003, -0.412660, -3.811182 , -29.622921 , -8.097357
  1.158417, -0.202608, -0.412552, -3.799598 , -29.624949 , -8.101483
  1.158468, -0.202213, -0.412445, -3.788013 , -29.626973 , -8.105608
  1.158518, -0.201819, -0.412337, -3.776429 , -29.628994 , -8.109732
  1.158568, -0.201424, -0.412229, -3.764843 , -29.631010 , -8.113855
  1.158618, -0.201030, -0.412120, -3.753257 , -29.633022 , -8.117976
  1.158668, -0.200635, -0.412012, -3.741671 , -29.635031 , -8.122097
  1.158718, -0.200241, -0.411904, -3.730084 , -29.637036 , -8.126217
  1.158767, -0.199847, -0.411796, -3.718497 , -29.639036 , -8.130335
  1.158817, -0.199452, -0.411688, -3.706909 , -29.641033 , -8.134453
  1.158866, -0.199058, -0.411580, -3.695320 , -29.643026 , -8.138569
  1.158915, -0.198664, -0.411471, -3.683731 , -29.645014 , -8.142684
  1.158964, -0.198269, -0.411363, -3.672142 , -29.646999 , -8.146799
  1.159013, -0.197875, -0.411255, -3.660552 , -29.648980 , -8.150912
  1.159061, -0.197481, -0.411146, -3.648962 , -29.650957 , -8.155024
  1.159110, -0.197087, -0.411038, -3.637371 , -29.652930 , -8.159135
  1.159158, -0.196693, -0.410929, -3.625780 , -29.654899 , -8.163245
  1.159206, -0.196299, -0.410821, -3.614188 , -29.656865 , -8.167354
  1.159254, -0.195905, -0.410712, -3.602596 , -29.658826 , -8.171461
  1.159302, -0.195511, -0.410604, -3.591003 , -29.660783 , -8.175568
  1.159349, -0.195117, -0.410495, -3.579410 , -29.662736 , -8.179673
  1.159397, -0.194723, -0.410387, -3.567816 , -29.664686 , -8.183778
  1.159444, -0.194329, -0.410278, -3.556222 , -29.666631 , -8.187881
  1.159491, -0.193935, -0.410169, -3.544627 , -29.668573 , -8.191984
  1.159538, -0.193541, -0.410060, -3.533032 , -29.670510 , -8.196085
  1.159585, -0.193147, -0.409952, -3.521436 , -29.672444 , -8.200185
  1.159632, -0.192754, -0.409843, -3.509840 , -29.674374 , -8.204284
  1.159678, -0.192360, -0.409734, -3.498244 , -29.676299 , -8.208382
  1.159724, -0.191966, -0.409625, -3.486647 , -29.678221 , -8.212479
  1.159771, -0.191573, -0.409516, -3.475049 , -29.680139 , -8.216574
  1.159817, -0.191179, -0.409407, -3.463451 , -29.682053 , -8.220669
  1.159862, -0.190785, -0.409298, -3.451853 , -29.683963 , -8.224763
  1.159908, -0.190392, -0.409189, -3.440254 , -29.685869 , -8.228855
  1.159954, -0.189998, -0.409080, -3.428655 , -29.687771 , -8.232947
  1.159999, -0.189605, -0.408971, -3.417055 , -29.689670 , -8.237037
  1.160044, -0.189212, -0.408861, -3.405455 , -29.691564 , -8.241126
  1.160089, -0.188818, -0.408752, -3.393854 , -29.693454 , -8.245214
  1.160134, -0.188425, -0.408643, -3.382253 , -29.695341 , -8.249301
  1.160179, -0.188031, -0.408534, -3.370652 , -29.697223 , -8.253387
  1.160223, -0.187638, -0.408424, -3.359050 , -29.699102 , -8.257472
  1.160268, -0.187245, -0.408315, -3.347447 , -29.700976 , -8.261556
  1.160312, -0.186852, -0.408206, -3.335844 , -29.702847 , -8.265638
  1.160356, -0.186459, -0.408096, -3.324241 , -29.704714 , -8.269720
  1.160400, -0.186065, -0.407987, -3.312637 , -29.706576 , -8.273801
  1.160444, -0.185672, -0.407877, -3.301033 , -29.708435 , -8.277880
  1.160487, -0.185279, -0.407768, -3.289428 , -29.710290 , -8.281958
  1.160531, -0.184886, -0.407658, -3.277823 , -29.712141 , -8.286035
  1.160574, -0.184493, -0.407548, -3.266218 , -29.713988 , -8.290111
  1.160617, -0.184100, -0.407439, -3.254612 , -29.715832 , -8.294186
  1.160660, -0.183707, -0.407329, -3.243006 , -29.717671 , -8.298260
  1.160703, -0.183315, -0.407219, -3.231399 , -29.719506 , -8.302333
  1.160745, -0.182922, -0.407110, -3.219792 , -29.721337 , -8.306405
  1.160788, -0.182529, -0.407000, -3.208184 , -29.723165 , -8.310475
  1.160830, -0.182136, -0.406890, -3.196576 , -29.724988 , -8.314545
  1.160872, -0.181744, -0.406780, -3.184967 , -29.726808 , -8.318613
  1.160914, -0.181351, -0.406670, -3.173358 , -29.728624 , -8.322681
  1.160956, -0.180958, -0.406560, -3.161749 , -29.730435 , -8.326747
  1.160998, -0.180566, -0.406450, -3.150139 , -29.732243 , -8.330812
  1.161039, -0.180173, -0.406340, -3.138529 , -29.734047 , -8.334876
  1.161081, -0.179781, -0.406230, -3.126919 , -29.735847 , -8.338939
  1.161122, -0.179388, -0.406120, -3.115308 , -29.737643 , -8.343001
  1.161163, -0.178996, -0.406010, -3.103696 , -29.739435 , -8.347061
  1.161204, -0.178603, -0.405900, -3.092084 , -29.741223 , -8.351121
  1.161244, -0.178211, -0.405790, -3.080472 , -29.743008 , -8.355180
  1.161285, -0.177819, -0.405679, -3.068860 , -29.744788 , -8.359237
  1.161325, -0.177426, -0.405569, -3.057247 , -29.746564 , -8.363293
  1.161366, -0.177034, -0.405459, -3.045633 , -29.748337 , -8.367348
  1.161406, -0.176642, -0.405348, -3.034019 , -29.750106 , -8.371402
  1.161446, -0.176250, -0.405238, -3.022405 , -29.751870 , -8.375455
  1.161485, -0.175858, -0.405128, -3.010790 , -29.753631 , -8.379507
  1.161525, -0.175465, -0.405017, -2.999175 , -29.755388 , -8.383558
  1.161564, -0.175073, -0.404907, -2.987560 , -29.757141 , -8.387608
  1.161604, -0.174681, -0.404796, -2.975944 , -29.758890 , -8.391656
  1.161643, -0.174289, -0.404686, -2.964328 , -29.760635 , -8.395704