1 .0508011 -.4011642 -.2195576 .02231875 .00485553 .00027924 1
1 .0655112 -.6589741 -.3006194 .0200833 .0005477 -.00034178 2
1 -.6349052 .6910548 .2995998 -.01343443 -.01023223 -.00443607 3
1 -.8326456 -1.1782356 -0.5179253 +0.01227603 -.00570021-.00294625 4
1 -5.385202 -.840171 -.229015 .001099944 -.006518169 -.002820667 5
1 -3.743403 7.568504 3.287166 -.005379637 -.002232371 -.000690547 6
1 18.38175 -7.25798 -3.43875 +.001544588 .003135267 .001351424 7
1 21.25332 -19.49023 -8.50658 +.002199232 .002084787 .000798469 8
1 -4.11218 -29.56880 -7.9870 +.003169840 -.000584314 -.001138225 9

