
  -1.963568, -0.814815, -0.252050, -3.743403 , 7.568504 , 3.287166
  -1.961575, -0.818829, -0.253793, -3.763030 , 7.560338 , 3.284638
  -1.959573, -0.822838, -0.255535, -3.782636 , 7.552131 , 3.282092
  -1.957561, -0.826842, -0.257276, -3.802223 , 7.543885 , 3.279529
  -1.955538, -0.830842, -0.259015, -3.821790 , 7.535599 , 3.276948
  -1.953505, -0.834836, -0.260752, -3.841336 , 7.527272 , 3.274350
  -1.951463, -0.838825, -0.262487, -3.860862 , 7.518906 , 3.271735
  -1.949410, -0.842809, -0.264221, -3.880367 , 7.510500 , 3.269102
  -1.947347, -0.846789, -0.265954, -3.899852 , 7.502054 , 3.266452
  -1.945274, -0.850763, -0.267685, -3.919316 , 7.493568 , 3.263785
  -1.943191, -0.854732, -0.269414, -3.938760 , 7.485042 , 3.261100
  -1.941098, -0.858696, -0.271141, -3.958182 , 7.476477 , 3.258398
  -1.938995, -0.862655, -0.272867, -3.977584 , 7.467873 , 3.255679
  -1.936882, -0.866609, -0.274591, -3.996964 , 7.459228 , 3.252943
  -1.934759, -0.870558, -0.276313, -4.016323 , 7.450544 , 3.250189
  -1.932626, -0.874501, -0.278034, -4.035661 , 7.441821 , 3.247418
  -1.930484, -0.878440, -0.279753, -4.054978 , 7.433058 , 3.244630
  -1.928331, -0.882373, -0.281470, -4.074273 , 7.424256 , 3.241825
  -1.926168, -0.886301, -0.283185, -4.093547 , 7.415415 , 3.239002
  -1.923996, -0.890223, -0.284899, -4.112799 , 7.406534 , 3.236163
  -1.921814, -0.894141, -0.286611, -4.132029 , 7.397614 , 3.233306
  -1.919622, -0.898053, -0.288321, -4.151237 , 7.388655 , 3.230432
  -1.917420, -0.901959, -0.290029, -4.170423 , 7.379657 , 3.227541
  -1.915208, -0.905861, -0.291736, -4.189588 , 7.370620 , 3.224633
  -1.912986, -0.909757, -0.293441, -4.208730 , 7.361544 , 3.221708
  -1.910755, -0.913647, -0.295144, -4.227849 , 7.352429 , 3.218766
  -1.908513, -0.917533, -0.296845, -4.246947 , 7.343275 , 3.215807
  -1.906263, -0.921412, -0.298544, -4.266022 , 7.334082 , 3.212831
  -1.904002, -0.925287, -0.300242, -4.285074 , 7.324850 , 3.209838
  -1.901732, -0.929155, -0.301937, -4.304104 , 7.315580 , 3.206828
  -1.899451, -0.933019, -0.303631, -4.323111 , 7.306271 , 3.203801
  -1.897162, -0.936876, -0.305323, -4.342096 , 7.296924 , 3.200757
  -1.894862, -0.940729, -0.307013, -4.361057 , 7.287538 , 3.197696
  -1.892553, -0.944575, -0.308701, -4.379995 , 7.278113 , 3.194619
  -1.890234, -0.948416, -0.310388, -4.398910 , 7.268650 , 3.191524
  -1.887906, -0.952252, -0.312072, -4.417802 , 7.259148 , 3.188412
  -1.885568, -0.956082, -0.313754, -4.436671 , 7.249609 , 3.185284
  -1.883221, -0.959906, -0.315435, -4.455516 , 7.240031 , 3.182139
  -1.880864, -0.963724, -0.317114, -4.474337 , 7.230414 , 3.178977
  -1.878497, -0.967537, -0.318790, -4.493135 , 7.220760 , 3.175798
  -1.876121, -0.971344, -0.320465, -4.511910 , 7.211067 , 3.172603
  -1.873735, -0.975145, -0.322138, -4.530660 , 7.201337 , 3.169391
  -1.871340, -0.978941, -0.323809, -4.549387 , 7.191568 , 3.166162
  -1.868935, -0.982731, -0.325477, -4.568089 , 7.181762 , 3.162916
  -1.866521, -0.986515, -0.327144, -4.586768 , 7.171918 , 3.159654
  -1.864098, -0.990293, -0.328809, -4.605422 , 7.162035 , 3.156375
  -1.861665, -0.994065, -0.330472, -4.624052 , 7.152116 , 3.153080
  -1.859222, -0.997832, -0.332132, -4.642658 , 7.142158 , 3.149767
  -1.856771, -1.001592, -0.333791, -4.661239 , 7.132163 , 3.146439
  -1.854310, -1.005347, -0.335448, -4.679796 , 7.122130 , 3.143093
  -1.851839, -1.009095, -0.337103, -4.698328 , 7.112060 , 3.139731
  -1.849359, -1.012838, -0.338755, -4.716835 , 7.101952 , 3.136353
  -1.846870, -1.016575, -0.340406, -4.735317 , 7.091807 , 3.132958
  -1.844372, -1.020306, -0.342054, -4.753775 , 7.081624 , 3.129546
  -1.841864, -1.024030, -0.343701, -4.772207 , 7.071404 , 3.126118
  -1.839347, -1.027749, -0.345345, -4.790614 , 7.061147 , 3.122674
  -1.836821, -1.031462, -0.346987, -4.808997 , 7.050853 , 3.119213
  -1.834286, -1.035168, -0.348627, -4.827353 , 7.040522 , 3.115736
  -1.831741, -1.038869, -0.350265, -4.845685 , 7.030153 , 3.112242
  -1.829187, -1.042563, -0.351901, -4.863991 , 7.019748 , 3.108732
  -1.826624, -1.046251, -0.353535, -4.882271 , 7.009306 , 3.105206
  -1.824052, -1.049934, -0.355166, -4.900526 , 6.998827 , 3.101663
  -1.821471, -1.053609, -0.356795, -4.918755 , 6.988311 , 3.098104
  -1.818881, -1.057279, -0.358423, -4.936958 , 6.977758 , 3.094529
  -1.816281, -1.060943, -0.360048, -4.955135 , 6.967169 , 3.090937
  -1.813673, -1.064600, -0.361670, -4.973286 , 6.956543 , 3.087330
  -1.811055, -1.068251, -0.363291, -4.991411 , 6.945881 , 3.083706
  -1.808428, -1.071896, -0.364910, -5.009510 , 6.935182 , 3.080065
  -1.805793, -1.075534, -0.366526, -5.027582 , 6.924446 , 3.076409
  -1.803148, -1.079166, -0.368140, -5.045628 , 6.913675 , 3.072737
  -1.800495, -1.082792, -0.369752, -5.063648 , 6.902867 , 3.069048
  -1.797832, -1.086412, -0.371361, -5.081641 , 6.892022 , 3.065343
  -1.795160, -1.090025, -0.372968, -5.099607 , 6.881142 , 3.061622
  -1.792480, -1.093631, -0.374573, -5.117546 , 6.870226 , 3.057885
  -1.789791, -1.097232, -0.376176, -5.135459 , 6.859273 , 3.054132
  -1.787093, -1.100825, -0.377777, -5.153345 , 6.848284 , 3.050363
  -1.784385, -1.104413, -0.379375, -5.171204 , 6.837260 , 3.046578
  -1.781670, -1.107994, -0.380971, -5.189035 , 6.826200 , 3.042778
  -1.778945, -1.111568, -0.382565, -5.206840 , 6.815104 , 3.038961
  -1.776211, -1.115136, -0.384156, -5.224617 , 6.803972 , 3.035128
  -1.773469, -1.118697, -0.385745, -5.242367 , 6.792805 , 3.031279
  -1.770718, -1.122252, -0.387332, -5.260089 , 6.781602 , 3.027415
  -1.767958, -1.125801, -0.388916, -5.277784 , 6.770363 , 3.023534
  -1.765190, -1.129342, -0.390498, -5.295451 , 6.759089 , 3.019638
  -1.762412, -1.132877, -0.392077, -5.313090 , 6.747780 , 3.015726
  -1.759627, -1.136406, -0.393655, -5.330702 , 6.736435 , 3.011798
  -1.756832, -1.139928, -0.395230, -5.348286 , 6.725055 , 3.007854
  -1.754029, -1.143443, -0.396802, -5.365841 , 6.713640 , 3.003895
  -1.751217, -1.146951, -0.398372, -5.383369 , 6.702190 , 2.999920
  -1.748396, -1.150453, -0.399940, -5.400868 , 6.690705 , 2.995929
  -1.745567, -1.153948, -0.401505, -5.418340 , 6.679184 , 2.991923
  -1.742730, -1.157437, -0.403068, -5.435783 , 6.667629 , 2.987900
  -1.739884, -1.160918, -0.404629, -5.453197 , 6.656039 , 2.983863
  -1.737029, -1.164393, -0.406187, -5.470583 , 6.644414 , 2.979809
  -1.734166, -1.167861, -0.407743, -5.487940 , 6.632755 , 2.975741
  -1.731294, -1.171323, -0.409296, -5.505269 , 6.621061 , 2.971656
  -1.728414, -1.174777, -0.410847, -5.522569 , 6.609332 , 2.967556
  -1.725526, -1.178225, -0.412395, -5.539840 , 6.597569 , 2.963441
  -1.722629, -1.181665, -0.413941, -5.557083 , 6.585771 , 2.959310
  -1.719724, -1.185099, -0.415484, -5.574296 , 6.573939 , 2.955164