
  0.563775, 1.144372, 0.493270, 18.381750 , -7.257980 , -3.438750
  0.562875, 1.144727, 0.493438, 18.387384 , -7.246535 , -3.433817
  0.561976, 1.145081, 0.493606, 18.393008 , -7.235086 , -3.428881
  0.561076, 1.145435, 0.493773, 18.398624 , -7.223633 , -3.423945
  0.560176, 1.145788, 0.493940, 18.404231 , -7.212177 , -3.419006
  0.559276, 1.146140, 0.494108, 18.409829 , -7.200718 , -3.414066
  0.558376, 1.146492, 0.494274, 18.415417 , -7.189255 , -3.409124
  0.557475, 1.146843, 0.494441, 18.420997 , -7.177789 , -3.404181
  0.556574, 1.147194, 0.494607, 18.426568 , -7.166319 , -3.399235
  0.555673, 1.147544, 0.494773, 18.432129 , -7.154845 , -3.394289
  0.554772, 1.147893, 0.494939, 18.437682 , -7.143368 , -3.389340
  0.553870, 1.148242, 0.495105, 18.443226 , -7.131887 , -3.384390
  0.552968, 1.148591, 0.495270, 18.448760 , -7.120403 , -3.379438
  0.552066, 1.148939, 0.495435, 18.454286 , -7.108916 , -3.374485
  0.551164, 1.149286, 0.495600, 18.459803 , -7.097425 , -3.369530
  0.550261, 1.149633, 0.495765, 18.465310 , -7.085931 , -3.364573
  0.549358, 1.149979, 0.495929, 18.470809 , -7.074433 , -3.359615
  0.548455, 1.150324, 0.496093, 18.476298 , -7.062931 , -3.354655
  0.547551, 1.150669, 0.496257, 18.481779 , -7.051427 , -3.349693
  0.546648, 1.151014, 0.496421, 18.487250 , -7.039918 , -3.344730
  0.545744, 1.151357, 0.496584, 18.492713 , -7.028407 , -3.339765
  0.544840, 1.151701, 0.496747, 18.498166 , -7.016892 , -3.334798
  0.543935, 1.152043, 0.496910, 18.503610 , -7.005373 , -3.329830
  0.543031, 1.152386, 0.497073, 18.509046 , -6.993851 , -3.324860
  0.542126, 1.152727, 0.497235, 18.514472 , -6.982326 , -3.319889
  0.541221, 1.153068, 0.497397, 18.519889 , -6.970797 , -3.314915
  0.540316, 1.153408, 0.497559, 18.525297 , -6.959265 , -3.309941
  0.539410, 1.153748, 0.497721, 18.530696 , -6.947729 , -3.304964
  0.538504, 1.154088, 0.497882, 18.536086 , -6.936190 , -3.299987
  0.537598, 1.154426, 0.498043, 18.541467 , -6.924648 , -3.295007
  0.536692, 1.154764, 0.498204, 18.546839 , -6.913102 , -3.290026
  0.535785, 1.155102, 0.498365, 18.552202 , -6.901553 , -3.285043
  0.534879, 1.155439, 0.498525, 18.557556 , -6.890000 , -3.280059
  0.533972, 1.155775, 0.498685, 18.562900 , -6.878444 , -3.275073
  0.533064, 1.156111, 0.498845, 18.568236 , -6.866885 , -3.270085
  0.532157, 1.156446, 0.499005, 18.573563 , -6.855322 , -3.265096
  0.531249, 1.156781, 0.499164, 18.578880 , -6.843756 , -3.260105
  0.530341, 1.157115, 0.499323, 18.584188 , -6.832187 , -3.255113
  0.529433, 1.157449, 0.499482, 18.589488 , -6.820614 , -3.250119
  0.528525, 1.157781, 0.499641, 18.594778 , -6.809038 , -3.245123
  0.527616, 1.158114, 0.499799, 18.600059 , -6.797459 , -3.240126
  0.526707, 1.158446, 0.499958, 18.605331 , -6.785876 , -3.235128
  0.525798, 1.158777, 0.500116, 18.610594 , -6.774291 , -3.230127
  0.524888, 1.159108, 0.500273, 18.615848 , -6.762701 , -3.225125
  0.523979, 1.159438, 0.500431, 18.621093 , -6.751109 , -3.220122
  0.523069, 1.159767, 0.500588, 18.626329 , -6.739513 , -3.215117
  0.522159, 1.160096, 0.500745, 18.631555 , -6.727914 , -3.210110
  0.521249, 1.160424, 0.500901, 18.636773 , -6.716311 , -3.205102
  0.520338, 1.160752, 0.501058, 18.641981 , -6.704706 , -3.200092
  0.519427, 1.161079, 0.501214, 18.647180 , -6.693097 , -3.195081
  0.518516, 1.161406, 0.501370, 18.652371 , -6.681484 , -3.190068
  0.517605, 1.161732, 0.501526, 18.657552 , -6.669869 , -3.185054
  0.516693, 1.162058, 0.501681, 18.662724 , -6.658250 , -3.180038
  0.515782, 1.162382, 0.501836, 18.667886 , -6.646628 , -3.175020
  0.514870, 1.162707, 0.501991, 18.673040 , -6.635003 , -3.170001
  0.513958, 1.163031, 0.502146, 18.678185 , -6.623374 , -3.164981
  0.513045, 1.163354, 0.502300, 18.683320 , -6.611742 , -3.159959
  0.512133, 1.163676, 0.502455, 18.688446 , -6.600107 , -3.154935
  0.511220, 1.163998, 0.502609, 18.693564 , -6.588469 , -3.149910
  0.510307, 1.164320, 0.502762, 18.698672 , -6.576828 , -3.144883
  0.509393, 1.164641, 0.502916, 18.703771 , -6.565183 , -3.139855
  0.508480, 1.164961, 0.503069, 18.708861 , -6.553535 , -3.134825
  0.507566, 1.165281, 0.503222, 18.713941 , -6.541884 , -3.129793
  0.506652, 1.165600, 0.503375, 18.719013 , -6.530230 , -3.124761
  0.505738, 1.165918, 0.503527, 18.724075 , -6.518573 , -3.119726
  0.504823, 1.166236, 0.503679, 18.729128 , -6.506912 , -3.114690
  0.503909, 1.166554, 0.503831, 18.734173 , -6.495248 , -3.109653
  0.502994, 1.166871, 0.503983, 18.739208 , -6.483581 , -3.104614
  0.502079, 1.167187, 0.504134, 18.744233 , -6.471911 , -3.099573
  0.501163, 1.167503, 0.504286, 18.749250 , -6.460238 , -3.094531
  0.500248, 1.167818, 0.504437, 18.754258 , -6.448561 , -3.089488
  0.499332, 1.168132, 0.504587, 18.759256 , -6.436882 , -3.084443
  0.498416, 1.168446, 0.504738, 18.764245 , -6.425199 , -3.079396
  0.497500, 1.168760, 0.504888, 18.769225 , -6.413513 , -3.074348
  0.496583, 1.169072, 0.505038, 18.774196 , -6.401824 , -3.069298
  0.495666, 1.169385, 0.505188, 18.779158 , -6.390132 , -3.064247
  0.494750, 1.169696, 0.505337, 18.784110 , -6.378437 , -3.059195
  0.493832, 1.170007, 0.505486, 18.789054 , -6.366738 , -3.054141
  0.492915, 1.170318, 0.505635, 18.793988 , -6.355037 , -3.049085
  0.491997, 1.170628, 0.505784, 18.798913 , -6.343332 , -3.044028
  0.491080, 1.170937, 0.505932, 18.803829 , -6.331625 , -3.038970
  0.490162, 1.171246, 0.506081, 18.808735 , -6.319914 , -3.033910
  0.489243, 1.171554, 0.506229, 18.813633 , -6.308200 , -3.028848
  0.488325, 1.171862, 0.506376, 18.818521 , -6.296483 , -3.023785
  0.487406, 1.172169, 0.506524, 18.823400 , -6.284763 , -3.018721
  0.486487, 1.172475, 0.506671, 18.828270 , -6.273040 , -3.013655
  0.485568, 1.172781, 0.506818, 18.833131 , -6.261314 , -3.008588
  0.484649, 1.173086, 0.506965, 18.837982 , -6.249585 , -3.003519
  0.483729, 1.173391, 0.507111, 18.842825 , -6.237852 , -2.998448
  0.482809, 1.173695, 0.507257, 18.847658 , -6.226117 , -2.993377
  0.481890, 1.173999, 0.507403, 18.852482 , -6.214379 , -2.988303
  0.480969, 1.174302, 0.507549, 18.857297 , -6.202638 , -2.983229
  0.480049, 1.174604, 0.507694, 18.862102 , -6.190893 , -2.978153
  0.479128, 1.174906, 0.507840, 18.866899 , -6.179146 , -2.973075
  0.478207, 1.175207, 0.507985, 18.871686 , -6.167395 , -2.967996
  0.477286, 1.175508, 0.508129, 18.876464 , -6.155642 , -2.962915
  0.476365, 1.175808, 0.508274, 18.881232 , -6.143885 , -2.957834
  0.475444, 1.176107, 0.508418, 18.885992 , -6.132126 , -2.952750
  0.474522, 1.176406, 0.508562, 18.890742 , -6.120364 , -2.947665
  0.473600, 1.176705, 0.508706, 18.895483 , -6.108598 , -2.942579