
  7.303040, 0.749991, -0.124750, 0.065511 , -0.658974 , -0.300619
  7.194908, 1.419954, 0.183511, 0.138116 , -0.648449 , -0.300479
  7.013561, 2.073723, 0.489119, 0.209309 , -0.631291 , -0.297265
  6.761153, 2.704874, 0.789049, 0.278366 , -0.607693 , -0.291018
  6.440487, 3.307254, 1.080354, 0.344590 , -0.577907 , -0.281809
  6.054979, 3.875028, 1.360193, 0.407312 , -0.542248 , -0.269735
  5.608621, 4.402720, 1.625850, 0.465901 , -0.501088 , -0.254925
  5.105940, 4.885254, 1.874755, 0.519770 , -0.454851 , -0.237532
  4.551960, 5.317990, 2.104502, 0.568376 , -0.404008 , -0.217733
  3.952155, 5.696753, 2.312867, 0.611232 , -0.349077 , -0.195732
  3.312408, 6.017867, 2.497823, 0.647905 , -0.290616 , -0.171751
  2.638965, 6.278181, 2.657557, 0.678024 , -0.229214 , -0.146033
  1.938381, 6.475092, 2.790485, 0.701281 , -0.165493 , -0.118836
  1.217480, 6.606572, 2.895259, 0.717434 , -0.100096 , -0.090436
  0.483297, 6.671180, 2.970789, 0.726313 , -0.033684 , -0.061119
  -0.256975, 6.668088, 3.016246, 0.727817 , 0.033070 , -0.031182
  -0.996037, 6.597088, 3.031075, 0.721918 , 0.099487 , -0.000927
  -1.726548, 6.458607, 3.015002, 0.708660 , 0.164890 , 0.029337
  -2.441181, 6.253716, 2.968047, 0.688163 , 0.228609 , 0.059301
  -3.132687, 5.984126, 2.890520, 0.660617 , 0.289985 , 0.088658
  -3.793965, 5.652198, 2.783034, 0.626286 , 0.348383 , 0.117104
  -4.418125, 5.260925, 2.646499, 0.585505 , 0.403192 , 0.144343
  -4.998558, 4.813929, 2.482128, 0.538673 , 0.453834 , 0.170091
  -5.529012, 4.315440, 2.291426, 0.486256 , 0.499770 , 0.194075
  -6.003658, 3.770266, 2.076189, 0.428782 , 0.540508 , 0.216040
  -6.417164, 3.183766, 1.838491, 0.366832 , 0.575603 , 0.235750
  -6.764763, 2.561807, 1.580668, 0.301040 , 0.604669 , 0.252990
  -7.042324, 1.910715, 1.305306, 0.232084 , 0.627378 , 0.267571
  -7.246413, 1.237216, 1.015214, 0.160681 , 0.643470 , 0.279330
  -7.374349, 0.548372, 0.713398, 0.087577 , 0.652752 , 0.288132
  -7.424259, -0.148490, 0.403037, 0.013544 , 0.655104 , 0.293875
  -7.395118, -0.845863, 0.087444, -0.060633 , 0.650478 , 0.296488
  -7.286786, -1.536143, -0.229970, -0.134162 , 0.638904 , 0.295934
  -7.100022, -2.211726, -0.545735, -0.206253 , 0.620487 , 0.292211
  -6.836500, -2.865095, -0.856364, -0.276130 , 0.595408 , 0.285350
  -6.498803, -3.488926, -1.158398, -0.343035 , 0.563923 , 0.275419
  -6.090401, -4.076182, -1.448451, -0.406242 , 0.526358 , 0.262518
  -5.615624, -4.620209, -1.723255, -0.465062 , 0.483110 , 0.246783
  -5.079610, -5.114828, -1.979707, -0.518855 , 0.434639 , 0.228380
  -4.488246, -5.554424, -2.214907, -0.567033 , 0.381465 , 0.207506
  -3.848095, -5.934022, -2.426200, -0.609072 , 0.324161 , 0.184386
  -3.166311, -6.249354, -2.611215, -0.644516 , 0.263347 , 0.159268
  -2.450540, -6.496922, -2.767894, -0.672983 , 0.199682 , 0.132427
  -1.708826, -6.674040, -2.894519, -0.694169 , 0.133857 , 0.104153
  -0.949490, -6.778865, -2.989734, -0.707851 , 0.066585 , 0.074753
  -0.181030, -6.810419, -3.052562, -0.713892 , -0.001407 , 0.044546
  0.588002, -6.768591, -3.082412, -0.712238 , -0.069383 , 0.013858
  1.349103, -6.654128, -3.079081, -0.702923 , -0.136613 , -0.016978
  2.093936, -6.468615, -3.042755, -0.686064 , -0.202377 , -0.047632
  2.814426, -6.214436, -2.973996, -0.661859 , -0.265975 , -0.077777
  3.502861, -5.894737, -2.873730, -0.630587 , -0.326733 , -0.107091
  4.151974, -5.513365, -2.743229, -0.592602 , -0.384014 , -0.135266
  4.755027, -5.074806, -2.584085, -0.548328 , -0.437219 , -0.162005
  5.305871, -4.584124, -2.398186, -0.498254 , -0.485800 , -0.187030
  5.799006, -4.046880, -2.187687, -0.442926 , -0.529259 , -0.210084
  6.229626, -3.469060, -1.954977, -0.382945 , -0.567159 , -0.230931
  6.593654, -2.856999, -1.702647, -0.318954 , -0.599121 , -0.249360
  6.887763, -2.217301, -1.433459, -0.251635 , -0.624832 , -0.265188
  7.109392, -1.556764, -1.150308, -0.181700 , -0.644047 , -0.278259
  7.256752, -0.882306, -0.856194, -0.109881 , -0.656588 , -0.288446
  7.328820, -0.200894, -0.554186, -0.036927 , -0.662348 , -0.295655
  7.325333, 0.480525, -0.247394, 0.036408 , -0.661288 , -0.299818
  7.246767, 1.155090, 0.061066, 0.109370 , -0.653438 , -0.300904
  7.094317, 1.816080, 0.368095, 0.181211 , -0.638899 , -0.298910
  6.869870, 2.456978, 0.670640, 0.251203 , -0.617835 , -0.293862
  6.575976, 3.071517, 0.965721, 0.318635 , -0.590476 , -0.285821
  6.215810, 3.653730, 1.250452, 0.382828 , -0.557111 , -0.274873
  5.793140, 4.197993, 1.522066, 0.443133 , -0.518091 , -0.261134
  5.312285, 4.699067, 1.777931, 0.498947 , -0.473819 , -0.244748
  4.778075, 5.152135, 2.015574, 0.549708 , -0.424748 , -0.225883
  4.195813, 5.552832, 2.232697, 0.594906 , -0.371379 , -0.204732
  3.571223, 5.897281, 2.427192, 0.634086 , -0.314252 , -0.181511
  2.910412, 6.182118, 2.597160, 0.666852 , -0.253947 , -0.156453
  2.219818, 6.404521, 2.740924, 0.692870 , -0.191073 , -0.129812
  1.506165, 6.562230, 2.857040, 0.711873 , -0.126264 , -0.101857
  0.776409, 6.653567, 2.944316, 0.723661 , -0.060175 , -0.072870
  0.037688, 6.677460, 3.001815, 0.728105 , 0.006524 , -0.043143
  -0.702735, 6.633451, 3.028873, 0.725149 , 0.073156 , -0.012978
  -1.437528, 6.521716, 3.025104, 0.714807 , 0.139044 , 0.017320
  -2.159352, 6.343066, 2.990410, 0.697170 , 0.203512 , 0.047440
  -2.860918, 6.098959, 2.924985, 0.672400 , 0.265897 , 0.077075
  -3.535058, 5.791498, 2.829320, 0.640731 , 0.325554 , 0.105919
  -4.174790, 5.423426, 2.704209, 0.602471 , 0.381862 , 0.133673
  -4.773385, 4.998116, 2.550744, 0.557992 , 0.434228 , 0.160047
  -5.324441, 4.519559, 2.370313, 0.507737 , 0.482098 , 0.184764
  -5.821950, 3.992336, 2.164600, 0.452207 , 0.524959 , 0.207562
  -6.260375, 3.421593, 1.935568, 0.391964 , 0.562347 , 0.228196
  -6.634717, 2.813000, 1.685451, 0.327621 , 0.593853 , 0.246442
  -6.940583, 2.172707, 1.416738, 0.259839 , 0.619126 , 0.262102
  -7.174254, 1.507287, 1.132153, 0.189321 , 0.637876 , 0.275000
  -7.332744, 0.823679, 0.834626, 0.116802 , 0.649885 , 0.284992
  -7.413853, 0.129112, 0.527272, 0.043045 , 0.655002 , 0.291962
  -7.416214, -0.568967, 0.213355, -0.031169 , 0.653152 , 0.295827
  -7.339332, -1.262983, -0.103750, -0.105051 , 0.644332 , 0.296534
  -7.183606, -1.945319, -0.420589, -0.177808 , 0.628619 , 0.294069
  -6.950348, -2.608413, -0.733678, -0.248658 , 0.606163 , 0.288450
  -6.641779, -3.244852, -1.039540, -0.316833 , 0.577190 , 0.279730
  -6.261020, -3.847473, -1.334757, -0.381596 , 0.541999 , 0.267996
  -5.812065, -4.409459, -1.616007, -0.442240 , 0.500959 , 0.253369
  -5.299736, -4.924431, -1.880117, -0.498105 , 0.454506 , 0.236006