23.000000 23.000000 23.000000 23.000000 23.000000 23.000000 23.000000 23.000000 23.000000 23.000000 
43.000000 30.097132 23.961761 20.756973 19.347492 19.575853 21.732279 26.397163 35.049755 53.000000 
43.000000 31.735981 23.808474 18.865631 16.550331 16.981909 20.584040 27.730310 38.599842 53.000000 
43.000000 31.934170 23.301331 17.510403 14.712805 15.294931 19.736897 28.094170 39.680912 53.000000 
43.000000 32.002644 23.194159 17.127823 14.185286 14.923601 19.797890 28.607729 40.268993 53.000000 
43.000000 32.511787 24.090969 18.270481 15.523827 16.438087 21.362974 29.953754 41.066002 53.000000 
43.000000 33.734192 26.368858 21.351170 19.111141 20.126902 24.621471 32.268745 42.174889 53.000000 
43.000000 35.593224 29.945667 26.241543 24.706173 25.622293 29.123894 35.077568 43.182968 53.000000 
43.000000 37.501060 34.152634 32.153625 31.394215 31.952456 33.907295 37.366066 42.887257 53.000000 
38.000000 38.000000 38.000000 38.000000 38.000000 38.000000 38.000000 38.000000 38.000000 38.000000 
