23.000000 23.000000 23.000000 23.000000 23.000000 23.000000 23.000000 23.000000 23.000000 23.000000 
43.000000 32.477806 28.239826 26.448269 25.958014 26.449354 27.980165 31.074890 37.479828 53.000000 
43.000000 36.049538 31.620804 29.308613 28.679638 29.543896 31.942413 36.193443 42.983154 53.000000 
43.000000 37.686440 33.770164 31.542183 30.997009 32.091961 34.828178 39.264259 45.436275 53.000000 
43.000000 38.637547 35.286175 33.339455 32.948383 34.145237 36.906624 41.155781 46.688179 53.000000 
43.000000 39.319775 36.483505 34.853493 34.603424 35.788532 38.389496 42.314098 47.340805 53.000000 
43.000000 39.839169 37.458561 36.131294 35.976585 37.040394 39.334660 42.849216 47.510509 53.000000 
43.000000 40.121120 38.152779 37.126286 37.021782 37.847130 39.656822 42.596104 46.956554 53.000000 
43.000000 39.844234 38.393723 37.754021 37.685966 38.147865 39.207764 41.130867 44.771854 53.000000 
38.000000 38.000000 38.000000 38.000000 38.000000 38.000000 38.000000 38.000000 38.000000 38.000000 
