23.000000 23.000000 23.000000 23.000000 23.000000 23.000000 23.000000 23.000000 23.000000 23.000000 
43.000000 22.687500 15.023438 12.357422 11.477539 11.197754 11.111237 14.397560 27.379328 53.000000 
43.000000 21.585938 11.343750 7.186035 5.640625 5.097870 4.914795 9.823656 27.112137 53.000000 
43.000000 21.029297 9.861816 5.019287 3.097992 2.379288 2.121731 7.622291 26.405094 53.000000 
43.000000 20.813477 9.312500 4.183197 2.078613 1.261635 0.957184 6.644191 25.949650 53.000000 
43.000000 20.738770 9.120087 3.877701 1.691628 0.825743 0.495424 6.234657 25.721016 53.000000 
43.000000 20.714508 9.055420 3.770443 1.550446 0.662136 0.318835 6.070673 25.618498 53.000000 
43.000000 23.081947 12.596865 7.741748 5.656761 4.805175 4.469727 10.227856 29.797277 53.000000 
43.000000 30.183817 23.710800 20.650616 19.285273 18.703976 18.465607 24.259056 36.264084 53.000000 
38.000000 38.000000 38.000000 38.000000 38.000000 38.000000 38.000000 38.000000 38.000000 38.000000 
