23.000000 23.000000 23.000000 23.000000 23.000000 23.000000 23.000000 23.000000 23.000000 23.000000 
43.000000 31.146935 25.777180 23.137718 22.177971 22.664299 24.682512 28.686924 36.260628 53.000000 
43.000000 33.590103 27.075657 23.217482 21.759031 22.655107 25.975260 31.892879 40.794769 53.000000 
43.000000 34.391254 27.697979 23.440884 21.847107 23.044010 27.039558 33.679985 42.605465 53.000000 
43.000000 34.892841 28.416187 24.225933 22.724331 24.105381 28.319145 35.030869 43.595280 53.000000 
43.000000 35.588154 29.673889 25.876537 24.601597 26.033234 30.095362 36.426823 44.378277 53.000000 
43.000000 36.600285 31.579264 28.427162 27.447010 28.771011 32.340210 37.904427 45.029224 53.000000 
43.000000 37.780605 33.923279 31.612291 30.949215 31.988674 34.721870 39.117912 45.214619 53.000000 
43.000000 38.649635 36.242153 34.960007 34.621380 35.202244 36.733818 39.390766 43.901344 53.000000 
38.000000 38.000000 38.000000 38.000000 38.000000 38.000000 38.000000 38.000000 38.000000 38.000000 
