23.000000 23.000000 23.000000 23.000000 23.000000 23.000000 23.000000 23.000000 23.000000 23.000000 
43.000000 29.147793 22.530066 19.135361 17.536369 17.468191 19.477991 24.498127 34.018158 53.000000 
43.000000 30.215736 21.474628 16.162270 13.466873 13.372677 16.740871 24.494659 36.827019 53.000000 
43.000000 30.096582 20.426090 14.107000 10.757332 10.626839 14.743905 23.863556 37.351074 53.000000 
43.000000 29.919813 19.867035 13.098682 9.428173 9.279226 13.779064 23.579668 37.537155 53.000000 
43.000000 30.212326 20.359167 13.655645 9.996736 9.926414 14.657070 24.554924 38.209087 53.000000 
43.000000 31.442406 22.612108 16.606888 13.372944 13.577426 18.194435 27.296698 39.610497 53.000000 
43.000000 33.759995 26.904018 22.315578 19.982578 20.422174 24.225195 31.401493 41.320751 53.000000 
43.000000 36.532047 32.514072 30.005390 28.834625 29.211950 31.396257 35.517193 41.959488 53.000000 
38.000000 38.000000 38.000000 38.000000 38.000000 38.000000 38.000000 38.000000 38.000000 38.000000 
