23.000000 23.000000 23.000000 23.000000 23.000000 23.000000 23.000000 23.000000 23.000000 23.000000 
43.000000 32.373375 28.050634 26.201918 25.687441 26.188873 27.760756 30.919815 37.401726 53.000000 
43.000000 35.860580 31.279577 28.865810 28.194914 29.078646 31.551491 35.917667 42.844429 53.000000 
43.000000 37.440777 33.328041 30.970463 30.373276 31.495094 34.327927 38.912045 45.259346 53.000000 
43.000000 38.368168 34.802948 32.716679 32.271126 33.499008 36.366299 40.776062 46.497688 53.000000 
43.000000 39.060799 36.020309 34.258335 33.958061 35.174309 37.877022 41.954552 47.160652 53.000000 
43.000000 39.621239 37.069736 35.632957 35.437515 36.528442 38.908272 42.550468 47.360954 53.000000 
43.000000 39.967163 37.878616 36.775612 36.643177 37.488182 39.358280 42.387142 46.852013 53.000000 
43.000000 39.766689 38.255821 37.577888 37.496075 37.968056 39.058361 41.026363 44.719597 53.000000 
38.000000 38.000000 38.000000 38.000000 38.000000 38.000000 38.000000 38.000000 38.000000 38.000000 
