23.000000 23.000000 23.000000 23.000000 23.000000 23.000000 23.000000 23.000000 23.000000 23.000000 
43.000000 28.408722 21.496605 18.081947 16.475794 16.214844 17.982704 23.117071 33.241604 53.000000 
43.000000 29.094566 19.890524 14.535584 11.795271 11.353689 14.326701 22.272915 35.574509 53.000000 
43.000000 28.824633 18.617130 12.243815 8.815166 8.228937 11.839900 21.165131 35.795258 53.000000 
43.000000 28.553463 17.889332 11.024474 7.226515 6.537445 10.442781 20.420399 35.713715 53.000000 
43.000000 28.693340 18.097759 11.194180 7.319232 6.619114 10.672729 20.962337 36.217888 53.000000 
43.000000 29.831726 20.163128 13.845502 10.284009 9.756968 13.960464 23.765072 37.744267 53.000000 
43.000000 32.394165 24.801353 19.875788 17.131186 17.049881 20.778166 28.693165 39.936195 53.000000 
43.000000 35.796227 31.368191 28.620222 27.191910 27.350533 29.591003 34.147881 41.271019 53.000000 
38.000000 38.000000 38.000000 38.000000 38.000000 38.000000 38.000000 38.000000 38.000000 38.000000 
