23.000000 23.000000 23.000000 23.000000 23.000000 23.000000 23.000000 23.000000 23.000000 23.000000 
43.000000 31.996841 27.360685 25.291523 24.673952 25.201229 26.920647 30.321980 37.099461 53.000000 
43.000000 35.171829 30.022778 27.215160 26.366016 27.304150 30.047623 34.850506 42.305923 53.000000 
43.000000 36.534107 31.681156 28.818108 28.000095 29.202763 32.392525 37.542709 44.569813 53.000000 
43.000000 37.361317 32.982517 30.349007 29.672836 30.999954 34.263966 39.292820 45.752319 53.000000 
43.000000 38.081722 34.257633 31.975925 31.464045 32.784763 35.873287 40.544415 46.453293 53.000000 
43.000000 38.789677 35.578075 33.708782 33.342602 34.527802 37.235165 41.375431 46.772366 53.000000 
43.000000 39.375851 36.820930 35.415356 35.166527 36.081612 38.184448 41.564018 46.440109 53.000000 
43.000000 39.467716 37.722130 36.893059 36.754257 37.262794 38.470673 40.614685 44.513699 53.000000 
38.000000 38.000000 38.000000 38.000000 38.000000 38.000000 38.000000 38.000000 38.000000 38.000000 
