23.000000 23.000000 23.000000 23.000000 23.000000 23.000000 23.000000 23.000000 23.000000 23.000000 
43.000000 31.691750 26.793209 24.527710 23.804768 24.336407 26.172333 29.783016 36.825130 53.000000 
43.000000 34.605629 28.973801 25.810986 24.778339 25.734562 28.697147 33.882141 41.814537 53.000000 
43.000000 35.774704 30.281704 26.956768 25.910110 27.150471 30.637100 36.289845 43.936188 53.000000 
43.000000 36.500629 31.406105 28.266609 27.351086 28.735172 32.337845 37.924347 45.062504 53.000000 
43.000000 37.228477 32.704422 29.937719 29.206562 30.596054 34.021461 39.234039 45.794670 53.000000 
43.000000 38.053329 34.244968 31.969603 31.427361 32.680553 35.679016 40.277931 46.222008 53.000000 
43.000000 38.846214 35.866261 34.175774 33.807789 34.776539 37.088745 40.793175 46.054169 53.000000 
43.000000 39.198135 37.237751 36.266342 36.069691 36.607285 37.921661 40.229088 44.320816 53.000000 
38.000000 38.000000 38.000000 38.000000 38.000000 38.000000 38.000000 38.000000 38.000000 38.000000 
