23.000000 23.000000 23.000000 23.000000 23.000000 23.000000 23.000000 23.000000 23.000000 23.000000 
43.000000 32.258591 27.841625 25.928188 25.385067 25.896286 27.513292 30.744421 37.313244 53.000000 
43.000000 35.651875 30.900974 28.371971 27.651558 28.554760 31.109726 35.605267 42.687084 53.000000 
43.000000 37.167969 32.835121 30.330187 29.671644 30.821068 33.761292 38.512287 45.058334 53.000000 
43.000000 38.067402 34.261627 32.016357 31.506660 32.767162 35.752838 40.344250 46.280910 53.000000 
43.000000 38.770260 35.499229 33.586647 33.227394 34.476986 37.294010 41.544994 46.955341 53.000000 
43.000000 39.375797 36.630844 35.068954 34.825790 35.946152 38.422485 42.209770 47.190357 53.000000 
43.000000 39.793301 37.568439 36.377979 36.212902 37.079453 39.017860 42.148689 46.732708 53.000000 
43.000000 39.678982 38.099598 37.377975 37.280128 37.763237 38.887978 40.907112 44.659954 53.000000 
38.000000 38.000000 38.000000 38.000000 38.000000 38.000000 38.000000 38.000000 38.000000 38.000000 
