23.000000 23.000000 23.000000 23.000000 23.000000 23.000000 23.000000 23.000000 23.000000 23.000000 
43.000000 30.424435 24.497471 21.427649 20.138458 20.463161 22.611092 27.097790 35.424408 53.000000 
43.000000 32.291771 24.739052 20.056858 17.972507 18.578659 22.164240 28.989010 39.273582 53.000000 
43.000000 32.648933 24.523136 19.105156 16.639469 17.469656 21.881489 29.789783 40.583092 53.000000 
43.000000 32.838722 24.645161 19.051521 16.534603 17.560059 22.353062 30.591396 41.310123 53.000000 
43.000000 33.415970 25.675117 20.400410 18.121059 19.292747 24.055260 31.995350 42.120090 53.000000 
43.000000 34.594513 27.891617 23.411179 21.591328 22.781960 27.057465 34.076317 43.094841 53.000000 
43.000000 36.260307 31.136524 27.851875 26.614925 27.618309 30.915159 36.385128 43.841805 53.000000 
43.000000 37.853233 34.785847 33.007984 32.393841 32.979858 34.815269 38.021915 43.215927 53.000000 
38.000000 38.000000 38.000000 38.000000 38.000000 38.000000 38.000000 38.000000 38.000000 38.000000 
