23.000000 23.000000 23.000000 23.000000 23.000000 23.000000 23.000000 23.000000 23.000000 23.000000 
43.000000 32.133129 27.611858 25.625244 25.048122 25.568230 27.234459 30.546108 37.213009 53.000000 
43.000000 35.422504 30.482670 27.823009 27.043846 27.965616 30.610777 35.251381 42.508553 53.000000 
43.000000 36.866241 32.287384 29.614876 28.883581 30.060419 33.119469 38.058372 44.829811 53.000000 
43.000000 37.732620 33.656662 31.230074 30.644413 31.938391 35.055992 39.852776 46.033966 53.000000 
43.000000 38.444981 34.913910 32.829201 32.400246 33.684929 36.630127 41.077904 46.721058 53.000000 
43.000000 39.099728 36.135838 34.430748 34.131332 35.283260 37.868317 41.820652 46.995453 53.000000 
43.000000 39.597095 37.217606 35.926987 35.723549 36.613514 38.629131 41.876144 46.596325 53.000000 
43.000000 39.579807 37.922619 37.150967 37.034325 37.529629 38.693363 40.770802 44.591782 53.000000 
38.000000 38.000000 38.000000 38.000000 38.000000 38.000000 38.000000 38.000000 38.000000 38.000000 
