23.000000 23.000000 23.000000 23.000000 23.000000 23.000000 23.000000 23.000000 23.000000 23.000000 
43.000000 31.522743 26.476978 24.096869 23.306377 23.831942 25.729345 29.460583 36.660049 53.000000 
43.000000 34.290024 28.384220 25.011250 23.859417 24.811514 27.892342 33.299686 41.517502 53.000000 
43.000000 35.346539 29.485119 25.883018 24.686089 25.931158 29.582006 35.530907 43.550865 53.000000 
43.000000 36.008053 30.495296 27.048296 25.974184 27.375210 31.169878 37.089272 44.640381 53.000000 
43.000000 36.732513 31.793781 28.729376 27.852413 29.269249 32.889824 38.429325 45.389477 53.000000 
43.000000 37.619503 33.453732 30.927435 30.268192 31.552654 34.722633 39.600880 45.882145 53.000000 
43.000000 38.531094 35.294689 33.427528 32.980633 33.976170 36.413177 40.316521 45.815418 53.000000 
43.000000 39.036827 36.946335 35.886604 35.651848 36.204639 37.582909 39.990608 44.201504 53.000000 
38.000000 38.000000 38.000000 38.000000 38.000000 38.000000 38.000000 38.000000 38.000000 38.000000 
