23.000000 23.000000 23.000000 23.000000 23.000000 23.000000 23.000000 23.000000 23.000000 23.000000 
43.000000 29.686451 23.324110 20.005688 18.485188 18.583965 20.705742 25.554640 34.595413 53.000000 
43.000000 31.064415 22.744221 17.580944 15.049035 15.250177 18.798620 26.260960 37.801861 53.000000 
43.000000 31.102579 21.955208 15.848042 12.738022 13.002832 17.361017 26.138180 38.619301 53.000000 
43.000000 31.045485 21.614635 15.136624 11.787652 12.123991 16.930437 26.290173 39.029640 53.000000 
43.000000 31.461765 22.336037 16.019072 12.776520 13.283752 18.240887 27.509212 39.787338 53.000000 
43.000000 32.708466 24.638853 19.086611 16.355783 17.064035 21.706703 30.056976 41.041267 53.000000 
43.000000 34.786133 28.563660 24.409559 22.505535 23.251678 26.939034 33.458488 42.364807 53.000000 
43.000000 37.075050 33.411026 31.163803 30.220322 30.717064 32.793320 36.552826 42.479408 53.000000 
38.000000 38.000000 38.000000 38.000000 38.000000 38.000000 38.000000 38.000000 38.000000 38.000000 
