23.000000 23.000000 23.000000 23.000000 23.000000 23.000000 23.000000 23.000000 23.000000 23.000000 
43.000000 27.336182 20.093079 16.740295 15.245522 14.816008 16.144716 21.231886 32.132217 53.000000 
43.000000 27.541809 17.837402 12.585667 10.005219 9.238866 11.484083 19.353365 33.849342 53.000000 
43.000000 27.132141 16.385258 10.164648 6.930840 5.920560 8.617046 17.798540 33.783516 53.000000 
43.000000 26.818703 15.588715 8.891709 5.301018 4.129847 7.005421 16.764193 33.441383 53.000000 
43.000000 26.800508 15.495031 8.663733 4.936573 3.688908 6.629588 16.632301 33.639214 53.000000 
43.000000 27.724857 17.144632 10.717911 7.167325 5.990191 8.996718 19.117012 35.195503 53.000000 
43.000000 30.488934 22.005110 16.857372 13.981109 13.128034 16.295145 24.941978 37.994102 53.000000 
43.000000 34.739826 29.790745 26.875183 25.236908 25.016230 27.160337 32.235313 40.307354 53.000000 
38.000000 38.000000 38.000000 38.000000 38.000000 38.000000 38.000000 38.000000 38.000000 38.000000 
