23.000000 23.000000 23.000000 23.000000 23.000000 23.000000 23.000000 23.000000 23.000000 23.000000 
43.000000 25.652344 18.088379 14.937988 13.694092 13.225800 13.884539 18.521881 30.408504 53.000000 
43.000000 25.256348 15.098145 10.174011 8.015991 7.133968 8.240973 15.374321 31.296982 53.000000 
43.000000 24.732910 13.540710 7.748978 5.055717 3.893263 5.178428 13.400509 30.911785 53.000000 
43.000000 24.446045 12.822510 6.631950 3.660233 2.334105 3.663037 12.311963 30.486191 53.000000 
43.000000 24.320160 12.518948 6.153242 3.047416 1.634770 2.962825 11.766620 30.217827 53.000000 
43.000000 24.864382 13.437659 7.220774 4.146771 2.726388 4.057403 12.917594 31.483175 53.000000 
43.000000 27.661264 18.137867 12.916504 10.288430 9.047130 10.449499 19.355856 35.025780 53.000000 
43.000000 33.093018 27.470375 24.418037 22.852610 22.091335 23.699972 29.329979 38.838940 53.000000 
38.000000 38.000000 38.000000 38.000000 38.000000 38.000000 38.000000 38.000000 38.000000 38.000000 
