23.000000 23.000000 23.000000 23.000000 23.000000 23.000000 23.000000 23.000000 23.000000 23.000000 
43.000000 30.934332 25.388498 22.607958 21.547001 21.995543 24.067684 28.223854 36.019142 53.000000 
43.000000 33.199238 26.353827 22.226696 20.578625 21.411543 24.841896 31.046041 40.355583 53.000000 
43.000000 33.859646 26.708652 22.077927 20.229126 21.355206 25.517378 32.553757 42.025566 53.000000 
43.000000 34.266270 27.247082 22.618946 20.833307 22.156452 26.585209 33.761936 42.947105 53.000000 
43.000000 34.933025 28.454975 24.213345 22.667833 24.067982 28.369705 35.177238 43.744781 53.000000 
43.000000 36.004807 30.477875 26.938492 25.737541 27.056255 30.851833 36.836281 44.491013 53.000000 
43.000000 37.335114 33.104389 30.515301 29.703026 30.751972 33.658176 38.359665 44.834183 53.000000 
43.000000 38.417755 35.817936 34.395695 33.985588 34.576298 36.198921 39.011158 43.711334 53.000000 
38.000000 38.000000 38.000000 38.000000 38.000000 38.000000 38.000000 38.000000 38.000000 38.000000 
