23.000000 23.000000 23.000000 23.000000 23.000000 23.000000 23.000000 23.000000 23.000000 23.000000 
43.000000 16.500000 9.875000 8.218750 7.804688 7.701172 7.675293 7.668823 20.917206 53.000000 
43.000000 14.875000 6.187500 3.601562 2.851562 2.638184 2.578369 2.561798 19.119751 53.000000 
43.000000 14.468750 5.164062 2.191406 1.260742 0.974731 0.888275 0.862518 18.245567 53.000000 
43.000000 14.367188 4.882812 1.768555 0.757324 0.433014 0.330322 0.298210 17.885944 53.000000 
43.000000 14.341797 4.806152 1.643677 0.600250 0.258316 0.147160 0.111342 17.749321 53.000000 
43.000000 14.335449 4.785400 1.607269 0.551880 0.202549 0.087427 0.049692 17.699753 53.000000 
43.000000 14.333862 4.779816 1.596771 0.537163 0.184928 0.068089 0.029445 17.682301 53.000000 
43.000000 23.833466 16.653320 14.062523 13.149921 12.833713 12.725451 12.688724 30.342754 53.000000 
38.000000 38.000000 38.000000 38.000000 38.000000 38.000000 38.000000 38.000000 38.000000 38.000000 
