23.000000 23.000000 23.000000 23.000000 23.000000 23.000000 23.000000 23.000000 23.000000 23.000000 
43.000000 31.341820 26.138798 23.633562 22.764223 23.275461 25.234411 29.096981 36.472939 53.000000 
43.000000 33.952179 27.751610 24.146271 22.853176 23.786978 26.988457 32.640049 41.179611 53.000000 
43.000000 34.885750 28.623608 24.710730 23.333061 24.566244 28.388458 34.666210 43.110275 53.000000 
43.000000 35.472519 29.498989 25.702646 24.435671 25.838573 29.838316 36.131657 44.155052 53.000000 
43.000000 36.186672 30.785366 27.379192 26.323776 27.757179 31.590633 37.501247 44.921379 53.000000 
43.000000 37.136635 32.568111 29.751652 28.948914 30.258745 33.618919 38.816826 45.488205 53.000000 
43.000000 38.177387 34.649986 32.577713 32.034172 33.054256 35.631226 39.763359 45.538227 53.000000 
43.000000 38.854885 36.616219 35.453827 35.172562 35.740158 37.190536 39.713810 44.063007 53.000000 
38.000000 38.000000 38.000000 38.000000 38.000000 38.000000 38.000000 38.000000 38.000000 38.000000 
