23.000000 23.000000 23.000000 23.000000 23.000000 23.000000 23.000000 23.000000 23.000000 23.000000 
43.000000 31.849710 27.087805 24.925888 24.260159 24.791763 26.567982 30.068813 36.970840 53.000000 
43.000000 34.899555 29.520014 26.545254 25.612522 26.562977 29.412548 34.396435 42.075867 53.000000 
43.000000 36.170471 31.013338 27.933826 27.011974 28.236805 31.569260 36.956558 44.273731 53.000000 
43.000000 36.951263 32.233910 29.364136 28.579460 29.937542 33.363152 38.654064 45.430614 53.000000 
43.000000 37.677254 33.523460 31.015940 30.404703 31.761066 35.009315 39.933994 46.146656 53.000000 
43.000000 38.442108 34.950356 32.892357 32.446350 33.665741 36.510433 40.864902 46.516430 53.000000 
43.000000 39.126625 36.372627 34.834778 34.531837 35.473404 37.674667 41.205708 46.260738 53.000000 
43.000000 39.341095 37.495018 36.599873 36.434746 36.957451 38.215302 40.435455 44.424049 53.000000 
38.000000 38.000000 38.000000 38.000000 38.000000 38.000000 38.000000 38.000000 38.000000 38.000000 
