23.000000 23.000000 23.000000 23.000000 23.000000 23.000000 23.000000 23.000000 23.000000 23.000000 
43.000000 30.697309 24.966003 22.040329 20.868999 21.264687 23.381680 27.698774 35.743088 53.000000 
43.000000 32.771324 25.579330 21.174332 19.315365 20.053488 23.576416 30.084641 39.852707 53.000000 
43.000000 33.283295 25.653236 20.629639 18.487316 19.495588 23.803711 31.265709 41.357136 53.000000 
43.000000 33.586105 25.991495 20.889038 18.764368 19.976442 24.606703 32.294472 42.192924 53.000000 
43.000000 34.213936 27.124365 22.386410 20.508713 21.830593 26.372528 33.715851 43.000908 53.000000 
43.000000 35.341465 29.253384 25.270748 23.794086 25.075115 29.109779 35.576401 43.854782 53.000000 
43.000000 36.832806 32.180977 29.268658 28.268723 29.309715 32.404972 37.461273 44.382996 53.000000 
43.000000 38.154663 35.335907 33.749603 33.249546 33.843636 35.567631 38.561207 43.486050 53.000000 
38.000000 38.000000 38.000000 38.000000 38.000000 38.000000 38.000000 38.000000 38.000000 38.000000 
